%YAML:1.0
rotation: !!opencv-matrix
   rows: 3
   cols: 3
   dt: d
   data: [ 9.9985626260800342e-01, -2.0559046306757168e-03,
       -1.6829360644567800e-02, 2.1555870738731186e-03,
       9.9998022942379428e-01, 5.9071317830766976e-03,
       1.6816883418823852e-02, -5.9425598596269851e-03,
       9.9984092655501577e-01 ]
translation: !!opencv-matrix
   rows: 3
   cols: 1
   dt: d
   data: [ -5.1223478705278214e-02, -2.0891249929395368e-04,
       -9.9486982664553948e-03 ]
essential: !!opencv-matrix
   rows: 3
   cols: 3
   dt: d
   data: [ 1.7932028239673614e-05, 9.9497430499906492e-03,
       -1.5011099513297202e-04, -9.0858489968195441e-03,
       -2.8394501358924287e-04, 5.1382760641126658e-02,
       9.8465802180237018e-05, -5.1222895491763655e-02,
       -3.0609970289347731e-04 ]
fundamental: !!opencv-matrix
   rows: 3
   cols: 3
   dt: d
   data: [ 9.9307550245150354e-09, 5.5196397646603684e-06,
       -1.2661792695522179e-03, -5.0265211078845435e-06,
       -1.5735561950198451e-07, 1.1418927746568965e-02,
       2.9535880803574881e-03, -3.4124414361066224e-02, 1. ]
