%YAML:1.0
cameraMatrix: !!opencv-matrix
   rows: 3
   cols: 3
   dt: d
   data: [ 3.5557000478214815e+02, 0., 2.5389868786913644e+02, 0.,
       3.5495974419294009e+02, 2.2358321669976519e+02, 0., 0., 1. ]
distortionCoefficients: !!opencv-matrix
   rows: 1
   cols: 5
   dt: d
   data: [ -7.3153966786304303e-01, 2.5623546120105352e+01,
       2.8930894078462280e-02, -2.0524485657798697e-03,
       -2.7028170850587060e+02 ]
rotation: !!opencv-matrix
   rows: 3
   cols: 3
   dt: d
   data: [ 1., 0., 0., 0., 1., 0., 0., 0., 1. ]
projection: !!opencv-matrix
   rows: 4
   cols: 4
   dt: d
   data: [ 3.5557000478214815e+02, 0., 2.5389868786913644e+02, 0., 0.,
       3.5495974419294009e+02, 2.2358321669976519e+02, 0., 0., 0., 1.,
       0., 0., 0., 0., 1. ]
