%YAML:1.0
depthShift: -5.2918745950624697e+01
