%YAML:1.0
cameraMatrix: !!opencv-matrix
   rows: 3
   cols: 3
   dt: d
   data: [ 1.0136891300343257e+03, 0., 9.8021928340409841e+02, 0.,
       1.0147420281561421e+03, 5.7854040864236231e+02, 0., 0., 1. ]
distortionCoefficients: !!opencv-matrix
   rows: 1
   cols: 5
   dt: d
   data: [ -6.4260820242081199e-02, -1.6545913493136881e+00,
       1.6434867612790359e-02, -4.9763201327499432e-03,
       8.6363908792330850e+00 ]
rotation: !!opencv-matrix
   rows: 3
   cols: 3
   dt: d
   data: [ 1., 0., 0., 0., 1., 0., 0., 0., 1. ]
projection: !!opencv-matrix
   rows: 4
   cols: 4
   dt: d
   data: [ 1.0136891300343257e+03, 0., 9.8021928340409841e+02, 0., 0.,
       1.0147420281561421e+03, 5.7854040864236231e+02, 0., 0., 0., 1.,
       0., 0., 0., 0., 1. ]
