%YAML:1.0
cameraMatrix: !!opencv-matrix
   rows: 3
   cols: 3
   dt: d
   data: [ 3.3016653132170273e+02, 0., 2.4038520176210142e+02, 0.,
       3.2857244722310276e+02, 2.2696369344744090e+02, 0., 0., 1. ]
distortionCoefficients: !!opencv-matrix
   rows: 1
   cols: 5
   dt: d
   data: [ -3.3920103641555144e-01, 1.4691771825433515e+00,
       -2.6317742455059254e-03, -1.4090457500194869e-02,
       -2.0616787961029539e+00 ]
rotation: !!opencv-matrix
   rows: 3
   cols: 3
   dt: d
   data: [ 1., 0., 0., 0., 1., 0., 0., 0., 1. ]
projection: !!opencv-matrix
   rows: 4
   cols: 4
   dt: d
   data: [ 3.3016653132170273e+02, 0., 2.4038520176210142e+02, 0., 0.,
       3.2857244722310276e+02, 2.2696369344744090e+02, 0., 0., 0., 1.,
       0., 0., 0., 0., 1. ]
