%YAML:1.0
rotation: !!opencv-matrix
   rows: 3
   cols: 3
   dt: d
   data: [ 9.9858012871434976e-01, 4.1629571746562488e-03,
       -5.3107403668364153e-02, -9.7672817916819575e-04,
       9.9820502355547358e-01, 5.9881357288228611e-02,
       5.3261360655700668e-02, -5.9744461970783945e-02,
       9.9679176698291660e-01 ]
translation: !!opencv-matrix
   rows: 3
   cols: 1
   dt: d
   data: [ -2.8098157249406619e-02, -4.5868995573016928e-03,
       8.4407882549828048e-02 ]
essential: !!opencv-matrix
   rows: 3
   cols: 3
   dt: d
   data: [ -1.6186095418258269e-04, -8.3982330542753739e-02,
       -9.6266422876050035e-03, 8.5784580308134253e-02,
       -1.3273228869779324e-03, 2.3525328322234283e-02,
       4.6078310122983123e-03, -2.8028626652587839e-02,
       -1.9261541197684105e-03 ]
fundamental: !!opencv-matrix
   rows: 3
   cols: 3
   dt: d
   data: [ 4.9733495765140983e-08, 2.5929653756816184e-05,
       -4.9204495631041956e-03, -2.6297252942089961e-05,
       4.0886472245365242e-07, 3.8476154526533059e-03,
       1.3016131885646457e-02, -1.5531143964446506e-02, 1. ]
