%YAML:1.0
depthShift: -3.8059594701082911e+00
