%YAML:1.0
cameraMatrix: !!opencv-matrix
   rows: 3
   cols: 3
   dt: d
   data: [ 1.0687035317172210e+03, 0., 9.4690586000636483e+02, 0.,
       1.0711812998196124e+03, 5.5428985806910146e+02, 0., 0., 1. ]
distortionCoefficients: !!opencv-matrix
   rows: 1
   cols: 5
   dt: d
   data: [ 4.4496378959313410e-02, -1.5630505725765586e-02,
       3.2430511448027352e-03, -1.0278108397059314e-02,
       -1.2018098089084812e-01 ]
rotation: !!opencv-matrix
   rows: 3
   cols: 3
   dt: d
   data: [ 1., 0., 0., 0., 1., 0., 0., 0., 1. ]
projection: !!opencv-matrix
   rows: 4
   cols: 4
   dt: d
   data: [ 1.0687035317172210e+03, 0., 9.4690586000636483e+02, 0., 0.,
       1.0711812998196124e+03, 5.5428985806910146e+02, 0., 0., 0., 1.,
       0., 0., 0., 0., 1. ]
